0,-184
0,-424
0,-660
0,-896
0,-1128
0,-1344
0,-1520
0,-1680
0,-1840
0,-1996
0,-2156
0,-2316
0,-2476
0,-2632
0,-2792
0,-2944
0,-3100
0,-3252
0,-3404
0,-3528
0,-3608
0,-3688
0,-3768
0,-3856
0,-3956
0,-4036
0,-4124
0,-4208
0,-4300
0,-4376
0,-4464
0,-4544
0,-4624
0,-4700
0,-4784
0,-4860
0,-4940
0,-5020
0,-5100
0,-5184
0,-5256
0,-5332
0,-5408
0,-5488
0,-5568
0,-5648
0,-5728
0,-5788
0,-5844
0,-5888
0,-5940
0,-5968
0,-6020
0,-6048
0,-6088
0,-6116
0,-6140
0,-6168
0,-6200
0,-6240
0,-6272
0,-6300
0,-6340
0,-6364
0,-6400
0,-6424
0,-6468
0,-6492
0,-6528
0,-6564
0,-6612
0,-6632
0,-6648
0,-6668
0,-6708
0,-6736
0,-6760
0,-6772
0,-6796
0,-6816
0,-6856
0,-6868
0,-6880
0,-6912
0,-6932
0,-6972
0,-7004
0,-7020
0,-7060
0,-7096
0,-7116
0,-7132
0,-7156
0,-7200
0,-7232
0,-7252
0,-7280
0,-7296
0,-7320
0,-7352
0,-7384
0,-7400
0,-7420
0,-7436
0,-7464
0,-7472
0,-7496
0,-7508
0,-7536
0,-7552
0,-7576
0,-7592
0,-7604
0,-7624
0,-7652
0,-7672
0,-7692
0,-7712
0,-7736
0,-7756
0,-7768
0,-7780
0,-7804
0,-7820
0,-7840
0,-7860
0,-7868
0,-7876
0,-7888
0,-7920
0,-7932
0,-7940
0,-7960
0,-7976
0,-7992
0,-8004
0,-8012
0,-8028
0,-8040
0,-8072
0,-8088
0,-8088
0,-8092
0,-8104
0,-8108
0,-8116
0,-8140
0,-8144
0,-8184
0,-8192
0,-8200
0,-8220
0,-8236
0,-8252
0,-8264
0,-8264
0,-8280
0,-8284
0,-8304
0,-8304
0,-8316
0,-8320
0,-8324
0,-8328
0,-8344
0,-8368
0,-8368
0,-8384
0,-8384
0,-8392
0,-8404
0,-8424
0,-8436
0,-8452
0,-8476
0,-8496
0,-8500
0,-8504
0,-8528
0,-8536
0,-8536
0,-8544
0,-8548
0,-8560
0,-8568
0,-8580
0,-8596
0,-8600
0,-8612
0,-8636
0,-8644
0,-8644
0,-8648
0,-8668
0,-8680
0,-8692
0,-8696
0,-8708
0,-8716
0,-8728
0,-8728
0,-8732
0,-8752
0,-8756
0,-8764
0,-8772
0,-8772
0,-8772
0,-8784
0,-8788
0,-8796
0,-8800
0,-8816
0,-8820
0,-8836
0,-8852
0,-8856
0,-8860
0,-8880
0,-8884
0,-8892
0,-8892
0,-8892
0,-8908
0,-8916
0,-8924
0,-8932
0,-8936
0,-8948
0,-8956
0,-8960
0,-8968
0,-8980
0,-8984
0,-8984
0,-8988
0,-8992
0,-9000
0,-9008
0,-9008
0,-9016
0,-9024
0,-9024
0,-9028
0,-9028
0,-9028
0,-9032
0,-9032
0,-9036
0,-9044
0,-9044
0,-9040
0,-9056
0,-9064
0,-9068
0,-9072
0,-9080
0,-9080
0,-9088
0,-9092
0,-9092
0,-9100
0,-9104
0,-9112
0,-9120
0,-9120
0,-9120
0,-9120
0,-9128
0,-9128
0,-9132
0,-9140
0,-9144
0,-9144
0,-9160
0,-9168
0,-9172
0,-9176
0,-9184
0,-9184
0,-9196
0,-9200
0,-9204
0,-9212
0,-9212
0,-9216
0,-9216
0,-9220
0,-9228
0,-9228
0,-9232
0,-9236
0,-9248
0,-9252
0,-9256
0,-9256
0,-9264
0,-9276
0,-9280
0,-9280
0,-9296
0,-9300
0,-9304
0,-9316
0,-9324
0,-9324
0,-9332
0,-9336
0,-9336
0,-9336
0,-9336
0,-9336
0,-9336
0,-9336
0,-9336
0,-9348
0,-9344
0,-9352
0,-9352
0,-9356
0,-9360
0,-9364
0,-9364
0,-9368
0,-9380
0,-9380
0,-9384
0,-9388
0,-9396
0,-9396
0,-9396
0,-9408
0,-9408
0,-9420
0,-9420
0,-9424
0,-9428
0,-9428
0,-9432
0,-9432
0,-9440
0,-9444
0,-9444
0,-9448
0,-9448
0,-9452
0,-9456
0,-9456
0,-9456
0,-9472
0,-9472
0,-9476
0,-9476
0,-9480
0,-9480
0,-9484
0,-9492
0,-9492
0,-9492
0,-9492
0,-9496
0,-9500
0,-9504
0,-9504
0,-9508
0,-9516
0,-9524
0,-9532
0,-9536
0,-9536
0,-9540
0,-9544
0,-9548
0,-9548
0,-9548
0,-9548
0,-9552
0,-9552
0,-9556
0,-9560
0,-9560
0,-9560
0,-9564
0,-9564
0,-9572
0,-9576
0,-9576
0,-9576
0,-9580
0,-9588
0,-9592
0,-9596
0,-9596
0,-9596
0,-9596
0,-9600
0,-9600
0,-9600
0,-9600
0,-9608
0,-9612
0,-9616
0,-9624
0,-9632
0,-9632
0,-9632
0,-9636
0,-9644
0,-9644
0,-9648
0,-9648
0,-9648
0,-9648
0,-9648
0,-9648
0,-9648
0,-9648
0,-9648
0,-9652
0,-9652
0,-9652
0,-9652
0,-9652
0,-9652
0,-9652
0,-9656
0,-9660
0,-9668
0,-9668
0,-9676
0,-9676
0,-9680
0,-9684
0,-9684
0,-9684
0,-9688
0,-9696
0,-9700
0,-9700
0,-9700
0,-9700
0,-9704
0,-9708
0,-9712
0,-9720
0,-9720
0,-9720
0,-9724
0,-9724
0,-9724
0,-9728
0,-9732
0,-9732
0,-9736
0,-9736
0,-9740
0,-9740
0,-9740
0,-9748
0,-9748
0,-9756
0,-9756
0,-9756
0,-9756
0,-9768
0,-9768
0,-9768
0,-9768
0,-9768
0,-9768
0,-9768
0,-9772
0,-9772
0,-9772
0,-9776
0,-9780
0,-9776
0,-9780
0,-9780
0,-9784
0,-9784
0,-9784
0,-9784
0,-9784
0,-9780
0,-9784
0,-9784
0,-9784
0,-9788
0,-9788
0,-9792
0,-9800
0,-9804
0,-9804
0,-9804
0,-9800
0,-9808
0,-9812
0,-9816
0,-9816
1,-9816
1,-9824
1,-9828
1,-9824
1,-9828
1,-9828
1,-9832
1,-9832
1,-9832
1,-9832
1,-9832
1,-9832
1,-9832
1,-9832
1,-9836
1,-9836
1,-9840
1,-9840
1,-9840
1,-9844
1,-9840
1,-9848
1,-9848
1,-9860
1,-9864
1,-9864
1,-9864
1,-9864
1,-9864
1,-9860
1,-9864
1,-9864
1,-9864
1,-9864
1,-9864
1,-9864
1,-9864
1,-9864
1,-9864
1,-9860
1,-9864
1,-9864
1,-9864
1,-9868
1,-9868
1,-9868
1,-9868
1,-9872
1,-9872
1,-9872
1,-9872
1,-9872
1,-9876
1,-9880
1,-9880
1,-9880
1,-9880
1,-9880
1,-9880
1,-9880
1,-9880
1,-9880
1,-9880
1,-9876
1,-9880
1,-9880
1,-9880
1,-9876
1,-9880
1,-9884
1,-9884
1,-9884
1,-9888
1,-9896
1,-9896
1,-9904
1,-9904
1,-9904
1,-9908
1,-9916
1,-9916
1,-9916
1,-9916
1,-9920
1,-9920
1,-9924
1,-9928
1,-9928
1,-9932
1,-9928
1,-9932
1,-9936
1,-9936
1,-9936
1,-9936
1,-9936
1,-9936
1,-9928
1,-9936
1,-9936
